l 29 8 0 112 31 99 59 108 85 100 122 109 132 106 159 112 185 103 197 106 228 92 239 97 239 135 0 135 0 112
l 7 1 38 100 57 93 45 103
l 17 1 92 101 153 72 155 74 150 77 156 79 140 89 149 88 112 106
l 5 15 76 101 58 94
l 23 15 111 91 57 56 50 65 55 63 55 72 60 68 56 75 69 78 68 84 87 95 101 96
l 17 15 44 97 26 86 23 83 20 82 12 76 8 76 0 72 0 111
l 45 15 115 89 103 85 110 79 121 72 129 59 118 65 127 47 123 50 127 38 124 24 141 40 142 39 147 46 148 45 159 53 161 51 168 56 172 56 178 62 205 75 239 88 239 96
l 11 15 213 98 204 89 192 84 179 84 154 72
l 9 1 55 76 54 78 59 85 52 94
l 9 2 27 85 39 78 39 74 54 64
l 5 3 20 81 56 56
l 29 3 77 68 83 64 89 64 99 56 89 72 95 66 100 64 116 47 114 44 120 38 119 35 122 32 121 30 124 24
l 13 2 180 62 183 56 187 62 183 45 198 60 213 68
l 15 2 239 87 239 75 223 64 218 70 218 74 222 71 218 79
l 7 1 236 72 239 69 239 74
l 5 3 204 74 222 64
l 9 3 239 68 239 65 228 53 210 65
l 7 3 176 59 180 53 182 45
l 5 4 172 55 182 45
l 9 4 74 65 93 49 98 48 124 23
l 5 2 85 55 69 39
l 5 2 74 64 69 39
l 7 3 63 59 68 50 69 39
l 7 2 40 66 19 53 15 77
l 7 3 6 74 12 66 19 53
l 7 4 0 71 0 66 19 53
l 5 4 36 63 69 39
l 7 3 172 80 184 74 176 82
l 9 2 184 74 201 83 206 81 225 92
l 11 1 38 99 23 94 3 101 0 99 0 111
f 6 8 8 48 122 90 110
s 27 0 0 123 20 120 41 123 57 122 73 130 96 130 121 131 140 127 163 124 179 121 189 122 206 117 239 112
l 9 0 239 112 239 135 0 135 0 123
f 6 0 0 22 128 27 128
f 6 1 1 10 104 17 100
f 6 1 1 43 101 47 99
f 6 1 1 111 100 128 93
f 6 1 1 237 73 238 73
f 6 1 1 53 95 54 95
f 6 1 1 78 95 13 86
f 6 15 14 4 88 60 97
f 6 15 14 62 63 120 69
f 6 15 14 49 103 85 118
f 6 15 14 125 56 235 68
f 6 13 13 142 102 222 136
f 6 2 2 43 85 48 81
f 6 2 2 191 58 196 64
f 6 2 2 226 73 230 79
f 6 2 2 79 54 75 50
f 6 2 2 26 70 23 61
f 6 3 3 104 73 110 65
f 6 3 3 69 59 68 54
f 6 3 3 29 79 36 73
f 6 3 3 11 72 14 67
f 6 3 3 175 80 177 79
f 6 2 2 215 91 210 88
f 6 3 3 213 74 215 71
f 6 3 3 218 63 226 59
l 5 2 213 68 223 64
f 6 3 3 179 58 4 68
f 6 4 4 10 64 44 61
f 6 4 4 62 50 87 58
f 6 4 4 106 49 175 55
f 6 4 4 177 52 93 67
l 5 3 93 67 92 68
l 5 3 96 59 95 60
l 5 3 181 76 180 77
l 5 4 17 55 16 56
l 5 4 123 25 122 26
l 5 2 70 41 71 42
l 5 2 184 47 184 48
l 5 2 220 66 220 74
f 6 2 2 112 89 111 89
l 5 1 145 89 143 88
l 5 1 155 73 154 74
l 5 2 107 87 106 87
l 5 3 181 47 181 48
l 5 3 124 26 124 29
l 5 15 125 24 125 28
l 5 15 120 63 128 61
l 9 14 239 96 239 88 203 74 179 62
l 5 14 111 91 96 81
l 5 14 44 97 28 87
l 5 14 76 101 69 98
l 5 14 212 78 184 66
l 5 0 74 130 73 127
l 5 0 76 131 76 127
l 5 0 78 131 79 128
l 5 0 91 130 90 127
l 5 0 93 130 93 127
l 5 0 95 130 96 127
l 5 0 106 130 105 127
l 5 0 108 130 108 127
l 5 0 110 130 111 127
l 5 0 113 131 114 128
l 5 0 127 130 125 128
l 5 0 128 129 128 127
l 5 0 140 127 138 125
l 5 0 141 126 140 124
l 5 0 154 125 154 122
l 5 0 156 125 157 121
l 5 0 167 123 169 120
l 5 0 176 122 174 119
l 5 0 178 121 177 119
l 5 0 180 121 180 119
l 5 0 204 118 201 115
l 5 0 205 117 205 114
s 95 0 141 126 142 117 144 107 143 101 145 96 150 94 155 96 164 94 168 90 169 87 168 85 167 83 170 85 171 85 164 80 158 72 157 69 158 64 158 72 161 66 159 73 162 74 163 71 162 76 166 79 167 73 166 79 173 84 176 83 178 78 177 83 182 81 185 77 185 72 181 68 184 69 184 65 185 69 187 74 184 81 180 84 179 86 177 88 179 91 175 94 175 98 169 108
s 43 0 169 108 167 110 165 116 165 123 164 123 164 111 162 114 162 124 161 124 161 116 159 111 154 111 150 115 149 119 150 126 148 125 146 116 149 113 148 108 145 115 142 127
l 11 0 142 123 142 121 143 121 143 117 144 115
l 13 0 159 70 159 73 160 73 160 74 161 74 163 79
l 5 0 186 77 186 73
l 7 0 185 71 184 70 185 70
l 5 0 185 79 178 85
l 7 0 184 81 181 83 178 83
l 5 0 185 79 183 75
l 15 0 164 79 165 78 165 80 166 80 170 83 169 82 166 82
l 5 0 169 83 171 84
l 3 0 158 71
l 5 0 172 83 172 79
f 6 0 0 147 102 144 110
f 6 0 0 145 109 151 111
f 6 0 0 150 113 161 112
f 6 0 0 161 113 164 111
f 6 0 0 166 110 167 109
l 5 0 167 109 167 108
l 5 0 178 84 176 86
l 5 0 140 126 143 116
l 5 0 14 120 12 118
l 5 0 15 120 14 117
l 5 0 22 119 21 117
l 5 0 23 120 25 117
l 5 0 45 122 44 120
l 5 0 47 123 47 120
l 5 0 66 127 67 124
l 5 0 67 129 70 125
f 6 15 15 139 97 157 88
f 6 15 14 181 88 227 108
f 6 15 14 170 81 168 79
f 6 15 14 173 83 175 83
l 5 15 167 79 168 80
l 5 8 158 111 157 111
l 5 10 0 25 121 25
l 5 10 126 25 239 25
f 6 11 10 35 61 36 25
f 6 11 10 171 55 171 25
f 6 10 9 112 24 112 0
l 5 2 102 96 113 106
f 6 2 2 116 96 133 87
