65 58 52 58 
52 58 52 62 
52 62 65 68 
65 68 54 68 
54 68 54 71 
54 71 67 71 
67 71 67 66 
67 66 56 61 
56 61 65 61 
65 61 65 58 
69 58 83 58 
83 58 83 62 
83 62 71 67 
71 67 71 71 
71 71 69 71 
69 71 69 66 
69 66 81 61 
81 61 69 61 
69 61 69 58 
86 58 100 58 
100 58 100 61 
100 61 86 61 
86 61 86 58 
86 63 95 63 
95 63 95 65 
95 65 88 65 
88 65 94 68 
94 68 100 68 
100 68 100 71 
100 71 93 71 
93 71 86 68 
86 68 86 63 
117 58 115 58 
115 58 103 64 
103 64 103 71 
103 71 117 71 
117 71 117 69 
117 68 105 68 
105 68 105 65 
105 65 117 60 
117 60 117 58 
120 58 134 58 
134 58 134 71 
134 71 132 71 
132 71 132 61 
132 61 120 61 
120 61 120 58 
137 58 151 58 
151 58 151 62 
151 62 143 66 
143 66 151 69 
151 69 151 71 
151 71 148 71 
148 71 139 67 
139 67 139 71 
139 71 136 71 
136 71 136 66 
136 66 148 61 
148 61 137 61 
137 61 137 58 
153 71 153 64 
153 64 165 59 
166 58 167 58 
167 58 167 71 
167 71 165 71 
165 71 165 61 
165 61 155 65 
155 65 155 71 
155 71 153 71 
170 58 172 58 
170 58 170 71 
170 71 185 71 
185 71 185 68 
185 68 172 68 
172 68 172 58 
187 58 199 58 
199 58 199 61 
199 61 190 61 
190 61 201 66 
201 66 201 71 
201 71 201 71 
201 71 189 71 
189 71 189 68 
189 68 199 68 
199 68 187 62 
187 62 187 58 
