l 19 15 26 119 29 115 30 110 25 107 23 114 19 111 17 111 15 113 26 120
l 17 15 67 116 64 119 63 122 65 124 74 115 71 110 65 112 67 115
l 21 8 25 107 26 90 36 78 49 73 53 75 53 82 58 94 65 102 69 106 71 109
l 15 8 31 109 32 96 43 85 50 98 56 102 62 108 65 111
s 17 1 40 39 40 34 36 29 29 35 29 37 34 40 38 41 40 39
s 13 3 30 39 30 41 29 43 31 43 34 47 40 40
s 15 15 32 44 34 42 35 42 37 44 33 48 32 48 32 45
l 5 12 37 78 90 99
l 5 12 85 96 85 98
l 25 10 36 77 36 69 35 64 35 49 38 45 38 44 41 41 42 40 47 43 51 48 54 58 53 74
l 13 9 41 52 45 62 42 78 46 79 51 61 48 46
l 17 3 42 79 40 83 42 79 42 83 43 81 44 83 45 81 46 83
l 11 3 43 79 43 80 46 80 46 81 43 81
l 21 2 48 43 49 42 54 42 60 47 60 52 63 55 63 63 61 66 58 66 54 71
l 9 2 42 41 39 44 39 53 42 56
l 9 2 42 42 40 44 40 53 42 55
f 4 3 3 31 41
l 9 3 39 41 37 43 37 42 36 42
l 5 15 33 47 33 44
f 4 15 15 35 44
f 4 1 1 34 35
f 4 8 1 31 91
f 4 8 8 50 78
f 4 8 8 41 77
f 4 15 15 25 115
f 4 15 15 70 116
f 4 9 9 46 52
f 4 9 9 45 76
f 4 10 9 41 59
f 4 10 9 51 69
l 5 9 44 75 47 74
l 5 10 34 53 34 59
l 5 3 46 79 42 78
l 5 3 44 79 45 80
f 4 2 2 58 55
l 7 1 63 63 57 53 60 47
l 7 1 57 53 55 48 48 43
l 5 3 46 84 46 82
l 5 3 44 84 44 82
l 5 3 42 84 42 83
l 11 15 53 75 53 83 60 96 69 106 71 109
l 7 9 25 107 26 90 36 78
l 7 15 31 109 32 96 43 85
l 11 9 44 86 49 97 54 101 55 101 65 111
l 5 9 38 44 37 47
l 5 3 55 65 53 50
l 5 3 54 66 54 71
l 5 3 52 49 50 45
l 21 1 55 70 58 66 61 66 63 62 63 55 60 52 60 47 54 42 49 42 49 43
s 7 2 30 35 35 38 40 39
s 7 2 32 32 35 34 40 35
s 5 2 33 43 32 44
l 11 11 36 77 34 58 34 53 35 49 36 48
l 13 11 36 53 36 61 37 63 37 71 38 72 38 76
l 5 14 90 99 87 98
f 6 7 7 26 112 69 115
f 4 7 7 69 115
l 5 14 15 113 26 120
l 5 14 74 115 65 124
l 7 8 47 77 51 61 48 45
s 27 13 0 135 0 122 5 119 15 118 22 118 24 120 51 126 64 125 69 123 82 124 91 126 115 126 239 126
l 7 13 239 126 239 135 0 135
f 6 14 13 1 134 2 120
l 5 6 25 110 23 108
l 5 6 25 113 24 112
l 5 6 66 112 64 114
l 5 6 68 113 67 114
l 5 12 54 85 55 85
l 9 5 16 112 17 111 19 111 23 113
l 9 5 64 123 63 121 64 119 67 116
l 7 11 43 57 45 62 42 77
l 7 4 29 43 30 40 30 39
l 5 14 0 135 0 129
l 5 14 1 135 132 135
l 3 6 30 40
