l 23 10 58 58 45 58 45 62 57 68 47 68 47 71 60 71 60 66 49 61 58 61 58 58
f 3 15 51 59
l 21 10 63 58 77 58 77 62 66 68 66 71 63 71 63 66 73 61 63 61 63 58
f 3 15 70 59
l 11 10 80 58 94 58 94 61 80 61 80 58
l 21 10 80 63 89 63 89 65 82 65 88 68 94 68 94 71 87 71 80 68 80 63
f 3 15 87 59
f 3 15 84 64
l 21 10 111 58 108 58 97 64 97 71 111 71 111 68 100 68 100 66 111 60 111 58
f 3 15 109 59
l 15 10 114 58 128 58 128 71 125 71 125 61 114 61 114 58
f 3 15 120 59
l 29 10 131 58 145 58 145 62 137 66 145 70 145 71 141 71 134 68 134 71 131 71 131 66 142 61 131 61 131 58
f 3 15 138 59
l 21 10 148 71 148 64 161 58 162 58 162 71 159 71 159 62 151 66 151 71 148 71
f 3 15 161 59
l 15 10 168 58 165 58 165 71 180 71 180 68 168 68 168 58
f 3 15 167 59
l 23 10 181 58 193 58 193 61 184 61 195 66 195 71 183 71 183 68 192 68 181 62 181 58
f 3 15 188 59
