l 13 4 102 121 90 109 114 85 108 79 102 85 108 91
l 11 4 108 79 138 49 132 43 126 49 132 55
l 11 4 96 127 114 109 108 103 102 109 108 115
l 17 4 108 103 120 91 126 97 120 103 132 115 138 109 132 103 126 109
l 15 4 101 98 76 73 95 54 89 48 64 73 89 98 95 92
l 25 4 132 103 144 91 150 97 174 73 168 67 174 61 149 36 143 42 162 61 144 79 150 85 168 67
l 7 4 144 91 138 85 126 97
l 5 4 120 91 114 85
l 13 4 132 91 126 85 144 67 138 61 144 55 156 67
l 5 4 102 85 83 66
l 15 4 71 66 65 60 89 36 108 55 96 67 102 73 96 79
l 5 4 95 54 102 61
l 7 4 102 73 114 61 120 67
l 7 4 114 61 120 55 126 61
l 9 4 120 55 108 43 114 37 126 49
l 5 4 108 55 114 49
l 5 4 108 43 102 49
l 15 4 77 0 89 12 95 6 101 12 89 24 101 36 95 42
l 7 4 96 127 90 121 76 135
l 7 4 138 61 120 79 126 85
l 15 4 132 43 150 25 138 13 126 25 132 31 138 25 132 19
l 5 4 120 43 132 31
l 7 4 163 0 150 13 137 0
l 7 4 101 36 113 24 126 37
l 9 4 113 0 126 13 120 19 126 25
l 7 4 119 6 101 24 107 30
l 5 4 107 18 113 24
l 5 4 120 19 113 12
l 5 4 126 13 138 1
l 5 4 138 13 144 7
l 5 4 132 7 125 0
l 5 4 101 12 113 0
l 5 4 107 6 101 0
l 5 4 95 6 89 0
l 5 4 104 135 96 127
l 13 4 102 133 114 121 120 127 126 121 120 115 114 121
l 5 4 114 109 120 115
l 9 4 120 127 126 133 150 109 138 97
l 5 4 126 121 132 115
l 5 4 120 103 114 97
l 5 4 132 79 138 85
l 5 4 120 67 126 73
l 5 4 120 79 114 73
l 5 4 144 79 138 73
l 5 4 138 49 144 55
l 5 4 138 37 143 42
l 5 4 114 37 120 31
l 5 4 108 127 116 135
l 5 4 138 121 152 135
l 5 4 132 127 140 135
l 7 4 144 127 150 121 164 135
