l 29 8 0 112 31 99 59 108 85 100 122 109 132 106 159 112 185 103 197 106 228 92 239 97 239 135 0 135 0 112
l 7 1 38 100 57 93 45 103
l 17 1 92 101 153 72 155 74 150 77 156 79 140 89 149 88 112 106
l 5 15 76 101 58 94
l 23 15 111 91 57 56 50 65 55 63 55 72 60 68 56 75 69 78 68 84 87 95 101 96
l 17 15 44 97 26 86 23 83 20 82 12 76 8 76 0 72 0 111
l 45 15 115 89 103 85 110 79 121 72 129 59 118 65 127 47 123 50 127 38 124 24 141 40 142 39 147 46 148 45 159 53 161 51 168 56 172 56 178 62 205 75 239 88 239 96
l 11 15 213 98 204 89 192 84 179 84 154 72
l 9 1 55 76 54 78 59 85 52 94
l 9 2 27 85 39 78 39 74 54 64
l 5 3 20 81 56 56
l 29 3 77 68 83 64 89 64 99 56 89 72 95 66 100 64 116 47 114 44 120 38 119 35 122 32 121 30 124 24
l 13 2 180 62 183 56 187 62 183 45 198 60 213 68
l 15 2 239 87 239 75 223 64 218 70 218 74 222 71 218 79
l 7 1 236 72 239 69 239 74
l 5 3 204 74 222 64
l 9 3 239 68 239 65 228 53 210 65
l 7 3 176 59 180 53 182 45
l 5 4 172 55 182 45
l 9 4 74 65 93 49 98 48 124 23
l 5 2 85 55 69 39
l 5 2 74 64 69 39
l 7 3 63 59 68 50 69 39
l 7 2 40 66 19 53 15 77
l 7 3 6 74 12 66 19 53
l 7 4 0 71 0 66 19 53
l 5 4 36 63 69 39
l 7 3 172 80 184 74 176 82
l 9 2 184 74 201 83 206 81 225 92
l 11 1 38 99 23 94 3 101 0 99 0 111
